2135
2488
3133
3333
3673
5187
5907
8868
10081
11199
12355
12978
14930
18349
18532
23082
23666
24491
25191
26780
27904
28917
29534
29669
29924
31235
34408
34903
36966
36995
37748
38074
41077
41499
42293
42542
43362
46989
53347
60519
61478
61986
63416
63541
64782
65011
65100
65873
66479
67472
69970
70530
70866
71691
72020
75829
77385
77551
78066
84792
85408
86104
86144
87777
90185
95304
95521
96289
96879
97210
97216
101830
104599
104889
105668
108601
205520
216228
278352
310522
310569
313927
317093
317771
319256
351346
352363
352510
352947
353944
703360
706539
709519
711065
715096
716039
721083
723612
726513
730464
731939
732485
732713
743316
746838
751652
758004
759944
764065
767920
768835
770949
777001
789073
789388
792985
795266
800240
801898
803014
806085
808450
811669
811830
814585
817473
824169
826083
832428
833320
833444
835541
835729
835910
836102
836106
848865
850693
857005
858339
859014
860730
863157
864328
867058
868809
870517
873364
873591
874016
874501
876437
878736
880430
883980
890801
891103
894315
895812
897723
898293
899652
912093
916457
916863
918160
918386
921847
929887
929987
931336
934612
936395
945436
945764
1000736
1001288
1004440
1005414
1006240
1006835
1007456
1011657
1017008
1018840
1018963
1020265
1020416
1023291
1026214
1035713
1037949
1038339
1042825
1047699
1054833
1056288
1062047
1062379
1064728
1065865
1066107
1073431
1076405
1084408
1089976
1094093
1108827
1111335
1116521
1140859
1141185
1141982
1141982
1163302
1163739
1166126
1170650
1171825
1272547
1274057
1276520
1282266
1289490
1301063
1305014
1308161
1310067
1336920
1350031
1358071
1368007
1368457
1379895
1385157
1385187
1385187
1398987
1399315
1400891
1409775
1416436
1424847
1442145
1451505
1457543
1458891
1458891
1465112
1466258
1495569
1496048
1496048
1518832
1521332
1555218
1578845
1585689
1593034
1595262
1603923
1613103
1618921
1623613
1636023
1637459
1637459
1649338
1650132
1652044
1652044